-4.056395669878296211e-09
-2.780273472942676320e-09
-1.577132900928160553e-09
-5.137028703891974316e-10
3.588294857398049266e-10
1.019315563374911605e-09
1.486194597420417233e-09
1.812071292207467832e-09
2.062891482831115472e-09
2.292495153999703844e-09
2.524073141485701868e-09
2.741858046498639262e-09
2.891396181484192498e-09
2.889501050506552507e-09
2.648145448402372196e-09
2.112160201123875756e-09
1.298738650637028528e-09
3.167359870119131327e-10
-6.521238477755222239e-10
-1.407658291005834574e-09
-1.796251171922391646e-09
-1.754979432840574017e-09
-1.316957411010309520e-09
-5.816209006536750133e-10
3.303232019280811725e-10
1.313190715910942857e-09
2.289018657550475272e-09
3.200076537751041364e-09
3.996924658298716090e-09
4.633817038339940408e-09
5.071703511736879412e-09
5.284771460881271226e-09
5.269904113761615496e-09
5.058696413525441960e-09
4.725150562226456684e-09
4.378139060445396115e-09
4.134031979620791221e-09
4.077226198086039741e-09
4.225686889431773774e-09
4.520300070911665009e-09
4.848122401425834325e-09
5.090896977504196386e-09
5.173270976977219087e-09
5.086209432763796646e-09
4.879685058085937198e-09
4.636447608553954652e-09
4.442516433479910475e-09
4.364466634928712259e-09
4.437682614681884627e-09
4.665070546568524847e-09
5.021281565122288827e-09
5.456538269495896494e-09
5.898648715967797035e-09
6.257308247624290995e-09
6.436406419851887400e-09
6.357011077724047291e-09
5.986928542407235204e-09
5.365081779308032310e-09
4.606102402400595997e-09
3.875989038233611467e-09
3.341556989429862682e-09
3.110287491520091826e-09
3.186998044409444052e-09
3.471094091559321559e-09
3.799010691786979027e-09
4.010836515266621883e-09
4.007946012660469492e-09
3.779597986362223445e-09
3.398431182553493836e-09
2.996808929723548903e-09
2.732678028568644011e-09
2.748012237984841985e-09
3.126587835097014252e-09
3.865961100397151431e-09
4.877488666903884006e-09
6.014296943098390087e-09
7.112641692682053560e-09
8.030637455169463900e-09
8.676812714625293119e-09
9.025612488058391981e-09
9.114883564394788261e-09
9.022184136281285271e-09
8.828111203895789487e-09
8.586356497743986715e-09
8.318188330254626460e-09
8.031886770122137712e-09
7.749285399099324812e-09
7.517614736189009012e-09
7.397028855447716482e-09
7.431183617459287422e-09
7.618536309311439493e-09
7.901637879691444353e-09
8.182320581250083347e-09
8.357437426474577703e-09
8.359423059622318070e-09
8.182739578504609244e-09
7.882245975209816957e-09
7.542819611516038775e-09
7.236737014078138653e-09
6.993774503087280121e-09
6.799256274512001904e-09
6.615343761485116998e-09
6.408949032821638286e-09
6.172694869686517669e-09
5.933297602604421828e-09
5.744799203094050063e-09
5.666160549078938497e-09
5.731017139029882582e-09
5.925978785358549406e-09
6.190587926662420841e-09
6.438145068198922477e-09
6.585562188538207858e-09
6.579273808191084195e-09
6.408648002172354934e-09
6.103653512603296860e-09
5.719251231597045026e-09
5.313992737602407869e-09
4.932104035719188298e-09
4.595495825752386543e-09
4.305566424617678930e-09
4.049180779809982170e-09
3.805100333375600048e-09
3.554170063137344896e-09
3.296210632520907620e-09
3.064138625647835970e-09
2.917612712663448464e-09
2.911536720572020547e-09
3.059372144610312209e-09
3.320028736354817630e-09
3.618490418653155360e-09
3.882069718014972508e-09
4.064011321960547916e-09
4.142224574077938465e-09
4.104389451964249511e-09
3.938719813652356027e-09
3.639240398676021806e-09
3.220119355592531354e-09
2.728099795942507515e-09
2.244265784080278025e-09
1.869355336377217097e-09
1.691871676233065304e-09
1.750103453745117349e-09
2.010199090131887978e-09
2.377347723509219080e-09
2.735504710934719889e-09
2.992024159068076087e-09
3.103994770096918789e-09
3.079433572793048921e-09
2.961266284999447801e-09
2.804942050141994513e-09
2.656735016637743055e-09
2.537720734921981015e-09
2.438630250499202633e-09
2.328599262138246182e-09
2.173884792186247851e-09
1.955216823158521853e-09
1.672874549355760964e-09
1.338644473909347495e-09
9.639329131396944374e-10
5.536497482731643828e-10
1.085227148447520808e-10
-3.664585476414109577e-10
-8.511890135622253586e-10
-1.303942682789121187e-09
-1.668157118471493632e-09
-1.894129199246735530e-09
-1.963685574648270090e-09
-1.901637809256033784e-09
-1.768368214545152794e-09
-1.640507387887433768e-09
-1.589004000867703598e-09
-1.659121525861832889e-09
-1.855630030983919407e-09
-2.140188131054543170e-09
-2.446802457722089419e-09
-2.709442541486058763e-09
-2.884017475603215832e-09
-2.951413493109483883e-09
-2.907310919822845548e-09
-2.755694727059505894e-09
-2.512973317374061960e-09
-2.213527547742728282e-09
-1.906160613153742707e-09
-1.642248121934911411e-09
-1.464042734788798379e-09
-1.398669360999994082e-09
-1.455997444933463483e-09
-1.625861651958923043e-09
-1.874949029931458619e-09
-2.149350749315814987e-09
-2.386800114352583378e-09
-2.534494358201749866e-09
-2.563619006035576254e-09
-2.474594896009485658e-09
-2.292483882056812556e-09
-2.055255090320931644e-09
-1.800525895164082028e-09
-1.558844933253871489e-09
-1.357694582036607409e-09
-1.229903903655975627e-09
-1.213888795591040339e-09
-1.339534481866876049e-09
-1.606630502341286352e-09
-1.969954773707163519e-09
-2.342191048743451933e-09
-2.617701666109965168e-09
-2.711108686619736265e-09
-2.596328763622772867e-09
-2.327367103273878608e-09
-2.026601079413551553e-09
-1.841034881504089624e-09
-1.885403495483147594e-09
-2.199763297400537857e-09
-2.740263399375162297e-09
-3.402220466496942310e-09
-4.059895628585376999e-09
-4.605534401393249747e-09
-4.976786470823621179e-09
-5.168155824408119164e-09
-5.225475160103718916e-09
-5.225600209910938841e-09
-5.249014413831344107e-09
-5.356531337527620927e-09
-5.577385638556092471e-09
-5.908393619309490408e-09
-6.320695083722268816e-09
-6.771021911209756693e-09
-7.211847128790397148e-09
-7.592817707256304962e-09
-7.855060087580117189e-09
-7.934163284147501335e-09
-7.784438855724950623e-09
-7.412468861071666285e-09
-6.890331038368399278e-09
-6.331879789547681048e-09
-5.845507673600218181e-09
-5.493022497431102607e-09
-5.275605092524194982e-09
-5.147813854052985049e-09
-5.046142044060060628e-09
-4.915665231830226744e-09
-4.724138062582906852e-09
-4.462287804149396473e-09
-4.136726416818782705e-09
-3.763870620357291175e-09
-3.368878176361632232e-09
-2.986777527070181544e-09
-2.659572218588271645e-09
-2.426037431849805762e-09
-2.308265829650887767e-09
-2.305062183881708074e-09
-2.399883271279642697e-09
-2.578781015692342867e-09
-2.842312461018134925e-09
-3.198849581469344664e-09
-3.644901713494653693e-09
-4.152136526048555469e-09
-4.674036658107484514e-09
-5.164748270528957106e-09
-5.591997463507846724e-09
-5.935533361460716746e-09
-6.178898342445561427e-09
-6.307311914457215413e-09
-6.316063721640854431e-09
-6.222778387944326678e-09
-6.072402365696678322e-09
-5.928166527086155234e-09
-5.851302686730588106e-09
-5.878645396643275787e-09
-6.005939541567792702e-09
-6.181354602920406419e-09
-6.314414177827220204e-09
-6.304814420993770765e-09
-6.085283165505892326e-09
-5.658649348841547920e-09
-5.107279913670600298e-09
-4.567886341946276017e-09
-4.184005262313625298e-09
-4.057564357866587650e-09
-4.217604529678261598e-09
-4.615833800056620249e-09
-5.150326531885849362e-09
-5.709259920520473462e-09
-6.216214974587482874e-09
-6.654554041022000823e-09
-7.058669598983935448e-09
-7.480750160016627706e-09
-7.956943207297390481e-09
-8.492826782745035313e-09
-9.068695388332851247e-09
-9.649078794512255068e-09
-1.018365445435071386e-08
-1.060395207492051230e-08
-1.083168641107128801e-08
-1.080661252357935840e-08
-1.052235267780888139e-08
-1.004664585698063278e-08
-9.508443757344716831e-09
-9.053413165823158036e-09
-8.788260125331654392e-09
-8.741026495116433690e-09
-8.855618433201768314e-09
-9.020060496024796755e-09
-9.110768685588371706e-09
-9.030292293951457827e-09
-8.725685639813194391e-09
-8.189490883760572556e-09
-7.452996592121082704e-09
-6.579178071204541965e-09
-5.656739536656326344e-09
-4.792196604059655836e-09
-4.095354298586935686e-09
-3.656412349594957071e-09
-3.520138299815890773e-09
-3.668415289246642302e-09
-4.021077414517626832e-09
-4.457348624246974159e-09
-4.851985961440136860e-09
-5.114809522317335705e-09
-5.219855159452213446e-09
-5.211471889880616681e-09
-5.181574744685046710e-09
-5.224996583108594906e-09
-5.392638668726700381e-09
-5.665989726025951813e-09
-5.966579807162283774e-09
-6.194963232524841014e-09
-6.279111839938549341e-09
-6.210577168470542923e-09
-6.054381547571111529e-09
-5.928110281444618125e-09
-5.956795971944657762e-09
-6.221461245011342925e-09
-6.722398908728428362e-09
-7.370671746720240332e-09
-8.011089580017894070e-09
-8.471802454763202513e-09
-8.624840248128377144e-09
-8.429911307021679690e-09
-7.935790697227459506e-09
-7.238246013464650660e-09
-6.423192422431023075e-09
-5.530904460053557477e-09
-4.557115779161468707e-09
-3.481672900419567645e-09
-2.303711463019665415e-09
-1.063685857787712315e-09
1.587008205803456658e-10
1.267997877420661045e-09
2.183299080166644773e-09
2.859406095165986021e-09
3.292295013571341744e-09
3.512806392199394086e-09
3.575906786330544788e-09
3.549269450764633265e-09
3.500997289774351262e-09
3.487577438950131445e-09
3.546518349855389145e-09
3.696312992773314816e-09
3.940176980107202322e-09
4.267889608531351527e-09
4.654934942069465536e-09
5.063228735933846327e-09
5.446833691387072695e-09
5.761754885960059349e-09
5.977363082201497147e-09
6.087762416210837507e-09
6.119026556539303060e-09
6.124422469833433404e-09
6.163662824223025387e-09
6.274791745466111125e-09
6.455950335346993341e-09
6.668707005983290292e-09
6.860100871396788212e-09
6.989950085571369328e-09
7.049214818234885356e-09
7.061822433206628294e-09
7.072014984088140537e-09
7.126695100247518390e-09
7.262346336538910552e-09
7.499714980492157370e-09
7.842868324257884275e-09
8.277101936135656036e-09
8.763317342253013371e-09
9.234096429727452890e-09
9.603521305080496114e-09
9.798640886585666873e-09
9.802418599246344284e-09
9.680462156662412662e-09
9.566484083418014735e-09
9.606954935272529916e-09
9.894202587212020186e-09
1.042496488226702886e-08
1.110361289743666858e-08
1.178445355664186624e-08
1.233241746125616367e-08
1.267617601709033265e-08
1.283038396310596928e-08
1.287804780111498480e-08
1.292542330727417589e-08
1.305477410004736359e-08
1.329607779731254021e-08
1.362499068680308433e-08
1.398283754262744065e-08
1.430746315167078397e-08
1.455946189037728373e-08
1.473095421649142210e-08
1.483724864681881206e-08
1.490478504002283723e-08
1.496682331109385111e-08
1.506424533727579469e-08
1.524055322676737980e-08
1.552678039322093408e-08
1.592426831902074225e-08
1.639760225931773507e-08
1.688334552501205475e-08
1.730968004788601644e-08
1.761625904391999195e-08
1.776568557556416895e-08
1.774511738127866814e-08
1.756310513676258178e-08
1.724799243345113191e-08
1.684838410469515796e-08
1.642866308563883883e-08
1.605334655365753658e-08
1.576562658536638793e-08
1.557553155777538067e-08
1.546817507390788576e-08
1.542574481363584079e-08
1.544544234395812877e-08
1.554054579450488117e-08
1.572667948607542145e-08
1.600534886385796814e-08
1.635473311925414663e-08
1.672950341303486639e-08
1.706661731042732498e-08
1.729548042657173255e-08
1.735413999107088907e-08
1.721194416693498128e-08
1.689118410118427081e-08
1.647258419331867473e-08
1.607368945141502476e-08
1.580635174110661547e-08
1.573485468109510138e-08
1.585521753308348586e-08
1.610147474046038872e-08
1.637065275776694054e-08
1.655405527527270279e-08
1.656618413911189692e-08
1.636681773586052621e-08
1.597235751345857151e-08
1.545199164793363647e-08
1.490696664168823695e-08
1.443755937826611741e-08
1.410878293465024126e-08
1.392905262021420347e-08
1.385264778060338417e-08
1.380500919818704161e-08
1.371571560558897207e-08
1.353999278011768678e-08
1.326107204664981204e-08
1.288189433869755735e-08
1.241984112741037033e-08
1.190932922050389331e-08
1.140570925107872507e-08
1.098119857734373111e-08
1.070965255769894107e-08
1.064468399417381180e-08
1.079970255056521358e-08
1.113877652631430397e-08
1.158511428202264640e-08
1.204787891112226641e-08
1.245728794626246740e-08
1.278941639305695196e-08
1.306609863418866280e-08
1.333207593847758095e-08
1.362687446006727018e-08
1.396809510197907787e-08
1.434871126830671604e-08
1.474122058242575243e-08
1.510491292469833158e-08
1.539831095140302306e-08
1.559476410908898539e-08
1.569078970699119701e-08
1.569911560371987517e-08
1.563249600016360630e-08
1.549352349184766352e-08
1.527837807758420874e-08
1.498841056801183728e-08
1.463922859484928331e-08
1.426386793763772914e-08
1.391188203528307093e-08
1.364326135865996384e-08
1.351374154485411333e-08
1.355412566789317693e-08
1.375348155133538345e-08
1.405485719082527488e-08
1.436613772070774396e-08
1.458467013306304961e-08
1.462966174879964829e-08
1.446945368550890187e-08
1.412995878780717570e-08
1.368098297373593005e-08
1.321000001426342652e-08
1.279670068199597317e-08
1.249619543782698855e-08
1.233256884602264036e-08
1.230218664455773458e-08
1.238459495419274739e-08
1.255533701128150823e-08
1.279348702024428153e-08
1.308097009664602932e-08
1.339686649602600389e-08
1.371218572896828056e-08
1.398935238732394538e-08
1.418804538693911489e-08
1.427496166199241386e-08
1.423141268275555174e-08
1.405365964108948423e-08
1.374672541964960507e-08
1.331796509100426790e-08
1.277697087999523562e-08
1.214257811038633896e-08
1.145000143752884896e-08
1.074900914604827493e-08
1.009153208254668930e-08
9.517683152111542635e-09
9.050858892470038369e-09
8.703274190103763321e-09
8.484483091601370753e-09
8.405702893113116453e-09
8.476814466421775148e-09
8.694775074515513819e-09
9.026126059544513367e-09
9.394857961950242875e-09
9.690235472166406406e-09
9.797968521264572888e-09
9.639722909437622875e-09
9.197723192542606276e-09
8.511062850385845274e-09
7.649812572523608259e-09
6.686592303552533599e-09
5.683752654335101761e-09
4.700849760184002317e-09
3.812245046188903484e-09
3.116665851479557357e-09
2.722752976958493667e-09
2.708977834153793261e-09
3.078871380021403385e-09
3.745371528910854859e-09
4.562729232373996057e-09
5.388938845334365354e-09
6.139085241336453006e-09
6.800657446414202629e-09
7.410911636017607874e-09
8.016483044847466892e-09
8.637823541111587133e-09
9.253524219945073442e-09
9.808636940491383096e-09
1.023989553332163672e-08
1.050470324693637874e-08
1.060196609143197754e-08
1.057677643731740055e-08
1.050612373190186605e-08
1.047203182044630625e-08
1.053663826960932556e-08
1.073017250617507486e-08
1.104977426515200133e-08
1.145994741430951272e-08
1.189193724205027705e-08
1.224974623476047589e-08
1.243086309150648132e-08
1.235889637619990290e-08
1.201494544286037454e-08
1.145393793286898407e-08
1.079856473962622107e-08
1.021057173142105647e-08
9.846744271028983372e-09
9.814764131334812382e-09
1.014565303199293790e-08
1.079111317708807658e-08
1.164274436181280337e-08
1.256370255029052355e-08
1.342170605358975453e-08
1.411325795730751608e-08
1.457400447976086418e-08
1.477872362934507671e-08
1.473921109151584995e-08
1.450304272242856021e-08
1.414637158015999765e-08
1.375248058963909200e-08
1.337884468787168465e-08
1.302855851334788130e-08
1.264433160784921982e-08
1.213222071391889364e-08
1.140593702549323280e-08
1.043236658405024199e-08
9.260653098523884226e-09
8.025830743147673872e-09
6.924477107746069530e-09
6.163998117777504365e-09
5.896876537766795466e-09
6.165569242846618585e-09
6.886949634344927354e-09
7.886109062989076003e-09
8.959868848622771621e-09
9.935508782816518237e-09
1.070150157202129945e-08
1.121085629796992585e-08
1.147124453378581076e-08
1.153196953479086965e-08
1.146795411162671581e-08
1.135847656737840002e-08
1.126403787777364336e-08
1.121058854671416627e-08
1.118960816421047119e-08
1.117434774141714800e-08
1.114254915282344401e-08
1.109204462068546140e-08
1.104060999047953909e-08
1.101157265968409943e-08
1.101600013208226214e-08
1.104475897202957406e-08
1.107624766446827540e-08
1.109337801368120522e-08
1.109649275148951370e-08
1.110193717133437905e-08
1.112596132036966577e-08
1.116489054202477459e-08
1.118772803374448565e-08
1.114967958992607108e-08
1.101773755628475915e-08
1.078840900957566287e-08
1.048521896898557555e-08
1.014153777375553513e-08
9.783445203614127749e-09
9.422029278393748922e-09
9.055466316786462984e-09
8.677157806660816844e-09
8.285662676754278161e-09
7.892502589161280579e-09
7.525261722437780608e-09
7.223999178237344228e-09
7.028353133703533810e-09
6.956604226181673671e-09
6.987814698042127942e-09
7.062491413788656731e-09
7.106905897621343873e-09
7.069370605135839670e-09
6.948133006157310587e-09
6.795063721472680031e-09
6.692258875765215542e-09
6.713112912868664567e-09
6.888278827399556820e-09
7.193779956422968052e-09
7.563899990238708262e-09
7.916464545149751599e-09
8.174641573443679422e-09
8.278067276268093619e-09
8.187448120587039525e-09
7.890638100858973892e-09
7.411829910489622109e-09
6.816192835085239439e-09
6.200224729145510120e-09
5.665864101002745334e-09
5.287739958110345192e-09
5.089183628536706988e-09
5.038717963527264973e-09
5.067182238666744831e-09
5.095621233580119713e-09
5.061996202713223260e-09
4.937925482236736757e-09
4.730720749928649683e-09
4.472190756813961375e-09
4.203185797027410813e-09
3.963674403101283316e-09
3.789390711237891855e-09
3.708062731509761860e-09
3.731174492628719596e-09
3.847084120181452475e-09
4.025333640715839908e-09
4.234071556218379594e-09
4.460083541432268421e-09
4.717241975567663393e-09
5.038233859334384421e-09
5.455756691192680010e-09
5.982007608038941718e-09
6.592371993890644867e-09
7.220464827270868025e-09
7.774189584300967164e-09
8.172832364541896502e-09
8.384634401037348577e-09
8.435735612359144083e-09
8.380811364948575747e-09
8.258110512979151081e-09
8.065501075401836323e-09
7.774786383349663129e-09
7.366512409169943915e-09
6.850974391918163064e-09
6.259790940677007627e-09
5.625784706008321747e-09
4.980125832846856726e-09
4.373056232342585163e-09
3.894734717514972203e-09
3.668506563768185464e-09
3.811653493685952586e-09
4.382972682852735166e-09
5.343763035907066962e-09
6.551608018759905872e-09
7.792857422866896743e-09
8.842530298599326135e-09
9.525880321536243110e-09
9.756541980209100534e-09
9.542966456304873081e-09
8.971331385122365390e-09
8.176743336065784688e-09
7.310628491775535852e-09
6.510247027268197704e-09
5.876524931045600683e-09
5.464552850890239272e-09
5.286147038701725179e-09
5.318940306894853495e-09
5.516024204350179071e-09
5.814987243509463164e-09
6.149910377391128132e-09
6.468504781305657800e-09
6.749446325648146634e-09
7.008660402414726524e-09
7.285510034535254624e-09
7.612400971037481228e-09
7.985785764644923252e-09
8.359602224410681218e-09
8.668634059411697123e-09
8.868148090364771553e-09
8.963008595864045670e-09
9.004445982210073716e-09
9.054023363675460630e-09
9.138399289172639621e-09
9.227124784118837575e-09
9.250787903641518525e-09
9.148726489572907193e-09
8.915290730561692318e-09
8.615352995508357737e-09
8.360019422839164428e-09
8.256853220418475585e-09
8.361605592707826232e-09
8.655761957572669040e-09
9.059429786893179214e-09
9.470092369562755564e-09
9.803955942864582537e-09
1.001646445648402081e-08
1.009430233687841296e-08
1.003244840381406439e-08
9.819014131728801672e-09
9.440883126492057984e-09
8.905205975728289579e-09
8.259774449031693356e-09
7.594853427534477619e-09
7.019988507591523494e-09
6.626904260314080780e-09
6.460961329104956166e-09
6.517280528641967276e-09
6.759141765448299417e-09
7.142841171172331812e-09
7.633812950557653568e-09
8.208437461622239418e-09
8.845611836466206614e-09
9.516566361415754221e-09
1.017975321358350167e-08
1.078345048827965906e-08
1.127597492532751576e-08
1.162086670190302081e-08
1.181017723784294205e-08
1.186775125845274534e-08
1.184049384791350133e-08
1.178344642027999077e-08
1.174612371939396198e-08
1.176417306370327758e-08
1.185750724352327040e-08
1.203411489556556315e-08
1.229609402862914939e-08
1.264271878714420457e-08
1.306668192492555416e-08
1.354394204027759133e-08
1.402379210428295951e-08
1.443038687394161049e-08
1.468358706096614767e-08
1.473362366190544819e-08
1.458947716441020910e-08
1.431886552397827273e-08
1.401459421530405376e-08
1.374748839867434128e-08
1.353810075334007761e-08
1.336419602371614269e-08
1.319132804965648842e-08
1.299853830108875450e-08
1.278326869596342545e-08
1.255232334437789012e-08
1.231540453822885147e-08
1.208908306472847599e-08
1.190392052889887295e-08
1.180031426354645386e-08
1.180671449370056577e-08
1.191163906964652652e-08
1.205232875967367119e-08
1.213536779525159344e-08
1.208267475300382313e-08
1.187845604985422216e-08
1.159204584974393737e-08
1.136372047311091291e-08
1.135583967864276677e-08
1.168723316543735222e-08
1.238066336875831675e-08
1.335080451960852698e-08
1.443988978910037197e-08
1.548253195101904608e-08
1.636703162593780691e-08
1.706431645113223383e-08
1.761384577879914111e-08
1.807999030964581167e-08
1.850916124678924530e-08
1.891369582685369940e-08
1.928475031961133244e-08
1.961374613746176878e-08
1.990032329003434471e-08
2.014332961678570448e-08
2.032972435973728699e-08
2.043596829286915385e-08
2.044012168329075026e-08
2.033039322742975282e-08
2.010151961041796527e-08
1.974628824305179237e-08
1.925608976236446270e-08
1.863488164789782364e-08
1.791778963886874166e-08
1.718133940352039710e-08
1.653649280547788935e-08
1.610307888947981341e-08
1.597316442096853515e-08
1.617852030599194392e-08
1.667758831432915212e-08
1.736834737958833435e-08
1.812124737572410196e-08
1.881893089209674662e-08
1.938905827285586587e-08
1.981988466201881378e-08
2.015305304210894816e-08
2.045534093404763877e-08
2.078060828316665795e-08
2.114048489796333915e-08
2.150053517654233821e-08
2.180429755595319831e-08
2.200783435136128475e-08
2.209833387749103842e-08
2.208208048891199427e-08
2.195169069558051226e-08
2.166017246383653758e-08
2.112652946810971421e-08
2.027657059265312304e-08
1.909761524890066766e-08
1.767379960694524230e-08
1.617893911900669896e-08
1.482973958323309281e-08
1.382386506071472796e-08
1.328962262399805708e-08
1.326026806257828164e-08
1.367186122220337758e-08
1.437932812967932271e-08
1.518819096290535153e-08
1.590020877200798687e-08
1.636458723298375618e-08
1.651722136226910203e-08
1.639004362161364097e-08
1.608614704516691335e-08
1.573492309954947633e-08
1.544969718734058849e-08
1.530223936721909754e-08
1.531385757068543207e-08
1.545643704587317351e-08
1.566157693761293876e-08
1.584042508370906470e-08
1.591148641510882665e-08
1.582431039484467588e-08
1.556702431592595566e-08
1.515793506620955945e-08
1.463289993983418166e-08
1.403835782392627162e-08
1.342859191995971064e-08
1.285881411627810365e-08
1.236980496234199212e-08
1.197034204252301319e-08
1.163093440302073355e-08
1.129857991255229131e-08
1.092815310125118130e-08
1.051324423965769844e-08
1.009874285802491411e-08
9.767518001442568638e-09
9.605356868296749840e-09
9.657963684023158208e-09
9.900689542331091001e-09
1.023992292039154193e-08
1.054910350566045874e-08
1.072040822494547148e-08
1.070370427085136568e-08
1.051541480303308608e-08
1.022038376574706273e-08
9.902689273034872841e-09
9.639866069044200862e-09
9.485395618170195701e-09
9.457956679784550032e-09
9.538230911621425968e-09
9.678741970843144686e-09
9.828589618305667169e-09
9.962274571964618949e-09
1.009295992732668105e-08
1.025860210617747412e-08
1.049065647529359324e-08
1.078896085129812410e-08
1.111838842252911806e-08
1.142326500362002613e-08
1.164635904036034320e-08
1.174603104820188527e-08
1.171273158856894217e-08
1.158163485769427291e-08
1.142954207322079701e-08
1.134871856433666132e-08
1.140874783809089674e-08
1.162960259384016097e-08
1.198025830515676308e-08
1.239762160428835548e-08
1.281075193573090700e-08
1.315990812460806624e-08
1.340731073482425779e-08
1.353931402232713387e-08
1.356133106966798289e-08
1.348984269025660467e-08
1.334685983419907136e-08
1.315870053773207796e-08
1.295534576854561043e-08
1.276556749302727382e-08
1.260971224801193444e-08
1.249798472621600942e-08
1.243661520359681843e-08
1.243307423020362496e-08
1.249084603177754582e-08
1.259700409975935485e-08
1.271668154249857122e-08
1.280398092065598590e-08
1.282289241036447433e-08
1.276127842163971682e-08
1.262758105972287310e-08
1.243662981957431457e-08
1.219960932544037112e-08
1.192544556229801660e-08
1.162700633562638693e-08
1.132192359038957166e-08
1.102723812426542421e-08
1.075585921337801880e-08
1.051966798691183809e-08
1.033454405711409470e-08
1.021938109277296875e-08
1.018672741114760503e-08
1.023008761768699200e-08
1.031727947342304469e-08
1.039862581522713198e-08
1.043072181447542735e-08
1.040395773041842201e-08
1.035562600437420564e-08
1.035749162723763076e-08
1.048246977184807752e-08
1.076824486319624260e-08
1.119698905769807027e-08
1.169890212955730697e-08
1.217320365212086010e-08
1.251525900003451137e-08
1.264217562164089080e-08
1.251200946781818542e-08
1.213158930822409317e-08
1.155082294740013756e-08
1.084723664061743717e-08
1.010699917868969712e-08
9.406723743679438406e-09
8.798701587260226514e-09
8.302679441696662934e-09
7.907703031462115718e-09
7.586095982582825528e-09
7.316832569910976677e-09
7.107456881456459028e-09
6.998917111318807355e-09
7.045250440596506555e-09
7.277603628719950010e-09
7.674555003429156303e-09
8.157313176690017681e-09
8.613333495343523590e-09
8.936709927410069941e-09
9.066485574679327329e-09
9.007030603377296398e-09
8.824784080413852294e-09
8.626004232936024454e-09
8.524985570686660266e-09
8.611402218405514062e-09
8.923064960401248530e-09
9.430059879759715909e-09
1.003774274218520637e-08
1.061393808971545010e-08
1.103450698229916461e-08
1.122684557562472671e-08
1.118862646913489879e-08
1.097520141154780070e-08
1.066885924988032855e-08
1.034901012446437993e-08
1.007407624446820656e-08
9.875457932751785692e-09
9.759326860444578681e-09
9.711959941339383435e-09
9.705008857074538513e-09
9.698569784513256440e-09
9.644484203040357627e-09
9.497312674964454993e-09
9.238195799579908997e-09
8.904133048101177210e-09
8.600738143827371936e-09
8.477032006842938321e-09
8.664247984858852958e-09
9.210402428697673431e-09
1.004992117442958942e-08
1.102479270412035328e-08
1.194152578884986479e-08
1.263200501080733489e-08
1.299339410285901496e-08
1.300109717856818010e-08
1.270231727173210387e-08
1.219829049929354745e-08
1.161795544838481411e-08
1.108525128150637434e-08
1.068705656688887149e-08
1.045194482611450106e-08
1.034760579334934825e-08
1.029847899141651168e-08
1.021721155954216715e-08
1.003696313697252720e-08
9.731323019616237482e-09
9.316982803083869407e-09
8.844931226740034758e-09
8.387984814282931463e-09
8.024850217001186352e-09
7.816860127895044742e-09
7.782531969124197188e-09
7.886047448060218131e-09
8.051182641815664835e-09
8.194305269245244662e-09
8.257448036223924446e-09
8.225341020157872430e-09
8.121987782980304892e-09
7.992732100173797070e-09
7.882835792452639431e-09
7.822840606582632622e-09
7.825002593215259235e-09
7.887973473384683642e-09
8.003861032721386108e-09
8.163271411886928382e-09
8.356876110572605889e-09
8.574660306447307014e-09
8.805181701269456003e-09
9.035546611806585498e-09
9.249991497145593976e-09
9.425264848176853476e-09
9.525480750460102158e-09
9.503255727907111375e-09
9.312595774903881794e-09
8.931512517485754709e-09
8.383922267749585366e-09
7.748284334375777274e-09
7.145975676507981725e-09
6.710443099680572622e-09
6.546116068414312759e-09
6.693455723452417913e-09
7.117141829092712918e-09
7.723118674358192314e-09
8.394516669594741402e-09
9.028539745561137749e-09
9.559075581480315183e-09
9.958439925975757729e-09
1.022243802685815857e-08
1.035167073421677593e-08
1.034240792754684674e-08
1.019055078449541177e-08
9.900289034043343169e-09
9.486631437907597165e-09
8.970314651325598754e-09
8.373622769966676630e-09
7.724427965566119830e-09
7.065028271052148407e-09
6.454775578400229049e-09
5.959261448748642413e-09
5.629825207495868015e-09
5.485006136230540879e-09
5.504156026482719304e-09
5.635454844051599365e-09
5.813569873511391476e-09
5.980548112044502252e-09
6.104816652484272552e-09
6.193192548628447462e-09
6.290210217179747640e-09
6.461801619517756534e-09
6.767201239670923669e-09
7.230236789364568554e-09
7.824127922367250486e-09
8.478816777064876172e-09
9.107320082873583969e-09
9.636256695904536306e-09
1.002560022294109975e-08
1.027253704492684264e-08
1.040331831493932305e-08
1.045940903214509811e-08
1.048307668136904373e-08
1.050637888612916374e-08
1.054584922739011614e-08
1.060144209834685348e-08
1.065483598950898157e-08
1.066498832824601542e-08
1.056810890495647686e-08
1.029438835935455241e-08
9.804649986277684149e-09
9.130793825275454496e-09
8.391630076382972289e-09
7.765097094938402321e-09
7.425748406210693549e-09
7.480800014242003761e-09
7.937726005517572635e-09
8.713285757511408039e-09
9.669714833923604995e-09
1.065591227948593050e-08
1.153940486252217690e-08
1.222726269342641248e-08
1.267956610127836202e-08
1.291419773978013559e-08
1.299522641097063270e-08
1.300107308709668412e-08
1.298305067819524357e-08
1.293583602282943366e-08
1.279738247797252924e-08
1.247980992607871230e-08
1.191699364418386372e-08
1.110754616377334734e-08
1.013438588776092701e-08
9.150936910713846867e-09
8.336513504972287786e-09
7.837060388808453466e-09
7.716456938225253042e-09
7.940195272967995344e-09
8.396106641796520274e-09
8.937012895307463973e-09
9.422493369564958126e-09
9.745349128982234193e-09
9.842990878345551027e-09
9.701700070624914077e-09
9.357779688957242456e-09
8.890846736944988853e-09
8.402676797844774704e-09
7.984819077521577228e-09
7.690184909786038738e-09
7.523823778867555479e-09
7.455361874535738643e-09
7.442883244425154273e-09
7.454124364937175433e-09
7.474318451984981403e-09
7.498326223727962205e-09
7.515474516520132407e-09
7.501537829843998058e-09
7.426690194982191488e-09
7.274308233036568916e-09
7.055511651297559637e-09
6.808064803459938966e-09
6.582253960966682506e-09
6.426148779656822334e-09
6.379174984564018104e-09
6.472592449559821044e-09
6.729475415396341270e-09
7.158088651955752365e-09
7.738873039251999672e-09
8.413697308518581790e-09
9.089441837090983550e-09
9.659520795601661896e-09
1.003252367398633932e-08
1.015175471893163808e-08
9.998801976320276268e-09
9.588203812955177032e-09
8.964688595324839238e-09
8.205663552089116051e-09
7.419548303355408898e-09
6.729078136263820881e-09
6.241254865968042223e-09
6.019450919824072224e-09
6.072243084539770462e-09
6.359357809487201595e-09
6.805807542062448190e-09
7.319276720645769407e-09
7.810571537953164405e-09
8.212620577831214135e-09
8.489654647165616181e-09
8.635079358342656342e-09
8.666113116353932422e-09
8.622013894372943917e-09
8.562375886300929417e-09
8.555875265270675344e-09
8.655843916246020549e-09
8.872791396160675055e-09
9.163137494333971507e-09
9.446700862143345493e-09
9.644991650466368890e-09
9.715743151100174167e-09
9.662367306062875275e-09
9.516879765511867229e-09
9.313238324414305536e-09
9.070989993151036264e-09
8.797622916375880866e-09
8.503282148743591943e-09
8.214286839150903815e-09
7.975323163257448558e-09
7.839018417707601776e-09
7.848328347867155962e-09
8.019450745761315903e-09
8.332794582897949789e-09
8.737042990177277765e-09
9.165217885569514580e-09
9.554603457482179858e-09
9.860279944376418579e-09
1.005725183862913395e-08
1.013535039976958582e-08
1.009737196819102149e-08
9.967459157698301093e-09
9.803966302105100696e-09
9.700719811787211559e-09
9.764874792486035130e-09
1.007607121001524467e-08
1.064606536233902672e-08
1.140050231920845978e-08
1.219555306025514812e-08
1.286590485166621420e-08
1.328277795774184979e-08
1.339284223250985132e-08
1.322078082349628633e-08
1.284219168193105844e-08
1.234887040115333989e-08
1.182470077281277415e-08
1.133709828264683347e-08
1.093991613412809936e-08
1.068015558722157359e-08
1.059859635601740049e-08
1.071668680854318956e-08
1.101289200630789678e-08
1.140522190293129795e-08
1.176020082371262308e-08
1.193458616029953543e-08
1.183179021866064765e-08
1.144094151381938974e-08
1.083759162953715194e-08
1.015081115226556454e-08
9.518326539582524058e-09
9.050088067242305990e-09
8.809453526941256310e-09
8.810529542642638769e-09
9.025278373214901618e-09
9.394836077932458861e-09
9.842246449705015513e-09
1.028498716479697157e-08
1.064572936717151720e-08
1.086091182099309497e-08
1.088867657398700631e-08
1.071742695635704569e-08
1.037195756082678741e-08
9.909763452209500927e-09
9.402854111172637250e-09
8.910857262910910793e-09
8.459953123066364086e-09
8.039547598661366248e-09
7.616574884464494066e-09
7.157203211050386291e-09
6.645002126557808943e-09
6.091047037280995308e-09
5.537966917405569914e-09
5.060508105370940117e-09
4.758602726796998727e-09
4.733173088653416154e-09
5.042583144973639845e-09
5.658525045767944196e-09
6.453364942833205907e-09
7.237169183727171003e-09
7.829953411734600563e-09
8.130807792656618178e-09
8.148101852756527887e-09
7.979088350547715047e-09
7.754755679047315406e-09
7.580163046496516791e-09
7.497409795402923068e-09
7.484335760073200065e-09
7.484442610006608863e-09
7.448071313406918043e-09
7.359889999365718637e-09
7.239520402842406784e-09
7.122939061023594404e-09
7.043367459689822268e-09
7.023060155467823070e-09
7.073388725123786876e-09
7.195468165651940088e-09
7.378576110549692756e-09
7.599603621063464026e-09
7.827450420576300561e-09
8.031830107999439533e-09
8.190689533253407380e-09
8.290521901311998835e-09
8.320800899919703849e-09
8.270311460158942385e-09
8.131286927324221393e-09
7.908366685930243260e-09
7.622803368957428691e-09
7.305589565014359673e-09
6.984101504265743915e-09
6.674570690101517408e-09
6.387834862185177907e-09
6.141854108219618791e-09
5.966097489275517263e-09
5.889693566663238337e-09
5.920221953833412062e-09
6.028316109965315452e-09
6.148586936730937736e-09
6.196561697283407426e-09
6.093814839247331531e-09
5.791266743400637472e-09
5.281899003850782820e-09
4.599886990989368765e-09
3.811851760098240319e-09
3.008813010239682244e-09
2.299670068325774738e-09
1.797724711293133069e-09
1.593487386492246108e-09
1.719766668374001558e-09
2.126920489440369554e-09
2.686504412378695347e-09
3.228590784469174622e-09
3.598342892387304930e-09
3.704077636885168815e-09
3.534262310651917074e-09
3.142282331910718009e-09
2.616441661895110969e-09
2.053037842951214648e-09
1.538123695344503228e-09
1.135327301874437192e-09
8.786548522299892400e-10
7.728615139373020253e-10
8.020311018420327995e-10
9.406560488806655216e-10
1.159165943048739530e-09
1.422638295748923449e-09
1.689785600835977737e-09
1.918026575728955797e-09
2.072195871854623250e-09
2.131495348324039536e-09
2.093622463998854385e-09
1.977334470809248260e-09
1.821454695226078676e-09
1.676373700048108838e-09
1.588708543667773117e-09
1.586653634952031441e-09
1.674338233328316296e-09
1.836467018328377510e-09
2.047471290984896163e-09
2.279912858234572986e-09
2.512285318120392587e-09
2.738201019991997348e-09
2.974556550962125875e-09
3.261048184247812517e-09
3.644561780176844334e-09
4.151578994090725453e-09
4.762912950261515379e-09
5.407040484185031844e-09
5.978345136000164013e-09
6.372748462353958438e-09
6.524925679264375373e-09
6.432035958163187387e-09
6.155629235662196311e-09
5.801015927145061965e-09
5.480609903548691814e-09
5.275346049768179706e-09
5.211959183977984697e-09
5.267122129118048948e-09
5.394060062862962409e-09
5.554403944815393414e-09
5.736318025490017751e-09
5.948520046862612364e-09
6.194049252983667660e-09
6.442263057103159755e-09
6.622758056651378112e-09
6.652209305252452454e-09
6.480928673141447034e-09
6.129418546383416713e-09
5.690375758353504107e-09
5.294955904579431124e-09
5.064788258478095563e-09
5.075163969981379112e-09
5.341169641180091557e-09
5.824305517999360312e-09
6.451950057748168799e-09
7.141020657010294498e-09
7.816787082533493816e-09
8.421570286540723807e-09
8.915217150806363447e-09
9.272654050367236216e-09
9.481238831668699766e-09
9.538066349926863586e-09
9.449277437851283418e-09
9.234837468346247197e-09
8.936406885751748190e-09
8.617906461379024666e-09
8.350834948042469765e-09
8.189697246087278032e-09
8.152083838103265324e-09
8.213231513987951558e-09
8.314343342394192024e-09
8.380154830954399819e-09
8.343100858626655574e-09
8.168785581187685809e-09
7.870952521382021164e-09
7.505992915524109399e-09
7.149756896618047843e-09
6.870011458109576140e-09
6.706603237310421763e-09
6.663099104946297698e-09
6.708197429203123133e-09
6.785859850898508737e-09
6.835375451108509105e-09
6.819573260446342006e-09
6.750195251133560300e-09
6.692778718328986189e-09
6.740160864901821152e-09
6.963620293539898999e-09
7.368626175969584760e-09
7.882031169157229892e-09
8.379451837322627678e-09
8.740469606369866420e-09
8.907005021962358184e-09
8.917670326253916864e-09
8.897407005369721594e-09
9.000134960568865538e-09
9.329059107275300984e-09
9.877425296318625686e-09
1.052394723189661234e-08
1.108520076492642118e-08
1.139594937761066962e-08
1.137752739120910754e-08
1.106491905383629989e-08
1.058461135287146271e-08
1.009700007682823025e-08
9.730811077031305937e-09
9.537429107023995009e-09
9.481214560411636737e-09
9.465693096877050703e-09
9.382817170836385972e-09
9.165035819692453436e-09
8.817453616690681135e-09
8.413670826872010452e-09
8.056371368171511535e-09
7.824356293798610937e-09
7.736207436392079577e-09
7.749308512072310125e-09
7.790535382829480017e-09
7.798480445599627317e-09
7.754831628253265254e-09
7.690371144787213392e-09
7.662865314333541764e-09
7.717680269396885588e-09
7.853395120820388598e-09
8.015064412689954779e-09
8.121877175080871802e-09
8.112414543263559287e-09
7.978078984613013628e-09
7.764777771334099571e-09
7.546108715814201192e-09
7.388278620712757239e-09
7.326721040069986704e-09
7.362144404357236464e-09
7.471027284791384430e-09
7.619503682992032069e-09
7.771554760926870163e-09
7.889786997120537740e-09
7.933835289302351614e-09
7.862199862126209240e-09
7.638973511369941231e-09
7.243299626049290067e-09
6.679481203438757875e-09
5.986325666523229078e-09
5.242674443765342672e-09
4.564387246176596410e-09
4.088911760270986105e-09
3.945781139678353411e-09
4.215379160457530096e-09
4.887890247770741052e-09
5.845647670670205445e-09
6.889709233470193343e-09
7.807650749143244217e-09
8.450880200168972053e-09
8.781886326717209813e-09
8.871063858576430438e-09
8.851727023960258660e-09
8.859412052964386958e-09
8.981069352668062056e-09
9.229835404316859811e-09
9.551187631606759015e-09
9.857012595239392835e-09
1.007317340725056824e-08
1.017761331641703810e-08
1.020807345763664779e-08
1.023416313911052532e-08
1.031056964354996631e-08
1.044162993084473747e-08
1.057987675702892328e-08
1.065610997023118912e-08
1.061662220777890778e-08
1.044314857922654079e-08
1.015018637927327394e-08
9.772152257510986390e-09
9.354045614539289332e-09
8.947675683010192604e-09
8.606002845817744565e-09
8.370211370319602623e-09
8.254283352826296644e-09
8.238546658471041279e-09
8.278751620249681940e-09
8.324545386494076970e-09
8.333616340754980820e-09
8.273497129300115715e-09
8.115942796638240032e-09
7.835403422660854314e-09
7.417731793732474357e-09
6.874457391557856973e-09
6.251433878836943224e-09
5.622747289842074647e-09
5.069336706743557244e-09
4.651618276026845033e-09
4.390828501047931298e-09
4.269728303719572902e-09
4.250246255866177883e-09
4.294265766655604016e-09
4.375381673762888484e-09
4.481086833644637627e-09
4.612634422917575484e-09
4.786473856429178078e-09
5.032915676447366198e-09
5.385178069906621332e-09
5.858934774004078703e-09
6.432853283225025319e-09
7.044241879165293456e-09
7.605682209484596855e-09
8.034179537853477560e-09
8.276714291126726218e-09
8.321701797765235165e-09
8.197110136861519840e-09
7.960824389849522335e-09
7.686117621021274482e-09
7.443282805944200975e-09
7.281729386706159575e-09
7.220095506463260222e-09
7.249638174269456869e-09
7.349070059609924779e-09
7.501764994468369752e-09
7.703883103395410803e-09
7.957692863288618210e-09
8.255089311600773471e-09
8.562970853332831575e-09
8.819999462395562427e-09
8.948076431381294842e-09
8.876702824694074524e-09
8.572956210341492425e-09
8.064036205136748827e-09
7.439447356883837561e-09
6.828769953232825082e-09
6.362299437654995726e-09
6.129020455442757994e-09
6.148187780378375241e-09
6.366718463119467122e-09
6.683920857692266923e-09
6.991581299970895200e-09
7.209720672278076587e-09
7.302789762510048067e-09
7.274403731900071395e-09
7.150438164155160700e-09
6.963269625570967590e-09
6.744647736968887359e-09
6.525660423923521745e-09
6.336163167114362260e-09
6.198792936141601268e-09
6.121505626331952837e-09
6.095938716087065569e-09
6.101469303558331032e-09
6.107620799598262256e-09
6.073250790011715251e-09
5.952918747702295093e-09
5.719354457046984361e-09
5.392311361896477221e-09
5.048933198285113601e-09
4.798880832124883946e-09
4.733664229107044046e-09
4.880595800108486583e-09
5.190191819534839205e-09
5.563445823568737004e-09
5.899594420307893309e-09
6.135256116669902636e-09
6.257161679135875814e-09
6.290029192246611741e-09
6.272818021433757663e-09
6.237426051353527237e-09
6.199567157450427613e-09
6.164662652286573823e-09
6.141414271256504296e-09
6.148235952906397320e-09
6.203517101175253669e-09
6.307669983159836049e-09
6.434615885173059861e-09
6.541091953898373189e-09
6.585420274188410374e-09
6.542022426369526611e-09
6.406540132333323527e-09
6.195755287394215245e-09
5.946618672286982294e-09
5.712994093356721630e-09
5.555958296965938931e-09
5.526902166985396051e-09
5.648915075330592298e-09
5.905536064389184199e-09
6.243354095848142709e-09
6.587837992208657239e-09
6.866237829859272705e-09
7.030671388433691188e-09
7.075490159289342900e-09
7.042715840918607575e-09
7.010351863309155795e-09
7.064359247098974984e-09
7.263908311817151313e-09
7.614329502218899125e-09
8.059246166767507990e-09
8.495937039223617764e-09
8.810050932930505694e-09
8.917285485649445114e-09
8.793183717864481103e-09
8.475881831904352557e-09
8.041546290665746001e-09
7.566964341763648735e-09
7.097809452389921399e-09
6.634880619986880932e-09
6.140679085852328447e-09
5.561580701787283313e-09
4.859089392452853964e-09
4.042346377028523851e-09
3.188475231169777507e-09
2.434993195628524451e-09
1.940685788383816373e-09
1.831750382034373628e-09
2.158521668541237110e-09
2.877604006656365095e-09
3.858996739050088084e-09
4.912241512990341761e-09
5.827303790654559658e-09
6.424085490577239989e-09
6.597650345759508188e-09
6.343785800859836023e-09
5.756977429841635067e-09
5.003451060810780817e-09
4.277276538256783687e-09
3.749410003091783768e-09
3.522740283732565850e-09
3.607615430355897052e-09
3.926751262314271999e-09
4.347757235809140708e-09
4.731459781081077878e-09
4.978275129703750554e-09
5.055400220024231722e-09
4.996105230763708228e-09
4.875540215573639544e-09
4.777037748294552084e-09
4.763434244746339015e-09
4.861847052789012324e-09
5.063850360636933201e-09
5.338233745476070272e-09
5.648700177984384724e-09
5.966279216780177584e-09
6.271417579733751049e-09
6.550451576444040983e-09
6.793819882256982463e-09
6.995934604575992175e-09
7.150884324402093748e-09
7.244077468875712418e-09
7.250257723399150994e-09
7.146997649941288691e-09
6.937550084278533650e-09
6.664422168288526480e-09
6.399704813225020312e-09
6.215283612030558645e-09
6.149709721475846806e-09
6.189018545414348239e-09
6.269076535413804131e-09
6.296800884966952194e-09
6.183016253926322027e-09
5.878847267412668234e-09
5.405180482688266898e-09
4.860781029977217458e-09
4.397126472295696569e-09
4.163788541268222418e-09
4.248979324914731881e-09
4.645904684661058958e-09
5.259013684636238015e-09
5.940709022979509147e-09
6.538656656392286759e-09
6.938042253215796209e-09
7.089342135702973595e-09
7.014539673861659223e-09
6.788920437878040252e-09
6.505329156798207078e-09
6.237486634331991000e-09
6.020334188508657342e-09
5.855556335391798959e-09
5.734848645619657917e-09
5.662888953275456710e-09
5.664288207318183858e-09
5.771737187688821241e-09
6.005316638635170212e-09
6.356520556896538592e-09
6.785009034018333342e-09
7.227724865482713651e-09
7.614740252656611086e-09
7.885984087179132460e-09
8.005347595029118833e-09
7.969815222884848526e-09
7.810341190925914404e-09
7.581078457686118791e-09
7.338185767698190701e-09
7.118245454361158508e-09
6.930988137604644443e-09
6.773044686865891259e-09
6.652851727725510041e-09
6.606558615440375776e-09
6.690087371300583597e-09
6.948341249168041594e-09
7.378123801562290777e-09
7.908445559498787272e-09
8.414930177508757806e-09
8.764795525237524073e-09
8.868729410579366708e-09
8.712108995073015012e-09
8.351964364025418367e-09
7.885236210871535514e-09
7.406325264106469890e-09
6.973629246271529926e-09
6.597457303453085786e-09
6.250838839391083501e-09
5.896345882455340129e-09
5.517961989373456815e-09
5.144796543889694977e-09
4.853052224766632696e-09
4.739854193034424165e-09
4.879213675784851382e-09
5.284676057027553579e-09
5.899781826293419551e-09
6.617829443732415604e-09
7.315112636687708427e-09
7.880662066798665318e-09
8.235720927093558619e-09
8.344394134129983305e-09
8.217407832812048996e-09
7.907348114528171190e-09
7.492188893135199161e-09
7.048345031671435011e-09
6.623176556621881908e-09
6.221553109795319829e-09
5.814888917173094658e-09
5.367256653579687897e-09
4.862527704126221172e-09
4.316785506321219273e-09
3.770456231077581608e-09
3.267157716385366197e-09
2.833245041563745392e-09
2.469998810084090172e-09
2.161973899475800480e-09
1.895771583736675886e-09
1.677653421330653012e-09
1.538786804453292296e-09
1.524623944540884930e-09
1.675172132401093863e-09
2.006968264899593274e-09
2.503258199036163508e-09
3.113057654811900781e-09
3.757810137657517642e-09
4.344302937912011515e-09
4.781687314082375035e-09
4.999924904927797958e-09
4.966819872858856198e-09
4.698955718675566416e-09
4.259898697425066723e-09
3.742064636050356288e-09
3.238013310871978780e-09
2.815811009006010735e-09
2.510712071115802774e-09
2.330493347382733661e-09
2.260662904639936906e-09
2.263656835524623258e-09
2.282251000428809149e-09
2.257943611895483871e-09
2.158149995079851173e-09
1.993551033684328048e-09
1.813405255058881098e-09
1.683604551448919608e-09
1.662767277567078308e-09
1.787892598456519562e-09
2.068501145769219317e-09
2.480895126199629107e-09
2.961690807370133124e-09
3.412270454582183943e-09
3.723530184201636871e-09
3.812494356072097208e-09
3.650185321706067482e-09
3.266493054529497620e-09
2.733099188771310791e-09
2.136191090713405578e-09
1.553086134806457633e-09
1.041854398619573109e-09
6.428894684664537317e-10
3.830826657117253444e-10
2.742311693342042211e-10
3.063529925760317271e-10
4.441761652030086700e-10
6.340202132178284875e-10
8.203272885204346774e-10
9.630916302935662474e-10
1.045694563421269245e-09
1.069547684034739802e-09
1.042549043070478456e-09
9.725868044921187385e-10
8.706426288189451470e-10
7.576516243427379661e-10
6.659596780147403343e-10
6.322177541532105979e-10
6.859693522712082743e-10
8.392201319909942488e-10
1.078792208996184558e-09
1.362650371464207538e-09
1.624545530312959319e-09
1.791101518745703537e-09
1.807749996001690251e-09
1.661269073806651871e-09
1.387327534695422674e-09
1.061626889367616270e-09
7.821547206453765171e-10
6.495964632567053619e-10
7.468882518897126724e-10
1.116765898913442014e-09
1.741378164782741873e-09
2.534055018398541503e-09
3.352078169363660899e-09
4.030662101548522291e-09
4.428420703471286717e-09
4.468677216811243908e-09
4.161578728600997230e-09
3.599233490458354244e-09
2.926969227961486129e-09
2.302568836396314501e-09
1.857164102605658313e-09
1.667263348594838848e-09
1.742646574056161195e-09
2.031707566612954649e-09
2.441370189100724017e-09
2.863395035677678642e-09
3.198372826334996365e-09
3.374164655859335619e-09
3.359560728342960026e-09
3.170665368680612207e-09
2.863095964557802773e-09
2.508529223810192074e-09
2.167562820756473274e-09
1.876141294173318772e-09
1.651297498401359423e-09
1.506127078266672462e-09
1.460277836531429178e-09
1.540068527616902069e-09
1.769880520705399498e-09
2.159372035255619723e-09
2.692632393894120375e-09
3.325550796964890910e-09
3.993777565357853269e-09
4.627716381935105730e-09
5.167570501481358806e-09
5.572173803436374795e-09
5.819573707879634768e-09
5.903071258679275659e-09
5.828672756748134001e-09
5.615529466393677674e-09
5.295177031213062140e-09
4.905766587051115608e-09
4.482716284179708457e-09
4.050511677332211358e-09
3.619893605352227803e-09
3.192209372044112980e-09
2.768509552820341211e-09
2.356923106647888373e-09
1.972685262057196237e-09
1.631518512028124799e-09
1.342517522617998461e-09
1.105581174518156316e-09
9.130530972405972565e-10
7.520428812827131410e-10
6.047455556254527212e-10
4.461904027435130501e-10
2.412515181070935532e-10
-5.393795096334686104e-11
-4.794304827444229753e-10
-1.045707767668681496e-09
-1.703756708965370703e-09
-2.330276854698391432e-09
-2.746302644044796658e-09
-2.771255714589699641e-09
-2.292212612021529879e-09
-1.316372585275982309e-09
1.818467581923056632e-11
1.478547972173029609e-09
2.804855690111768853e-09
3.783400159782651546e-09
4.299180219030802592e-09
4.354284451187058105e-09
4.053215021003970134e-09
3.564567154474085255e-09
3.070798534117204698e-09
2.719201389345768034e-09
2.587840392428768448e-09
2.676746548810264493e-09
2.925770031286834383e-09
3.249109764272357183e-09
3.569347446135549385e-09
3.836972878691967556e-09
4.033015462355344100e-09
4.162322208929064436e-09
4.245587075252417386e-09
4.312524199982910457e-09
4.395147290848950963e-09
4.521781139553149365e-09
4.713485089090099539e-09
4.980685794393640294e-09
5.314961408491015656e-09
5.677130196578222929e-09
5.993363380030054608e-09
6.171834976050619167e-09
6.138235440702010035e-09
5.871082755391906516e-09
5.414463103787311876e-09
4.861384513835744498e-09
4.321503370972962858e-09
3.894078968916878974e-09
3.656216808875705284e-09
3.659983885389910864e-09
3.925552739843310236e-09
4.426631097595766860e-09
5.079778344024175423e-09
5.754610605065372033e-09
6.309309041992480260e-09
6.634818876652267735e-09
6.681730719608664725e-09
6.456378773751597940e-09
5.995852054419633832e-09
5.344819345011103694e-09
4.551351337101790928e-09
3.681389737203026403e-09
2.834935014591747859e-09
2.142098140797430920e-09
1.729438621928456031e-09
1.670361810962894075e-09
1.949262615639301544e-09
2.463167060003918373e-09
3.061620912988731499e-09
3.602864595216533966e-09
3.996359508176650873e-09
4.212970971421859532e-09
4.267216693113568224e-09
4.193383618700672392e-09
4.033922280504130484e-09
3.838968317608051740e-09
3.662571423929668962e-09
3.548498196421173450e-09
3.514554929463070723e-09
3.548262131429426502e-09
3.615930003596373622e-09
3.677483714498445764e-09
3.700807176012062192e-09
3.674732904915832513e-09
3.618814625178527148e-09
3.583145510304996003e-09
3.633021265980093720e-09
3.823315834926891857e-09
4.176535745508372902e-09
4.677262106795574404e-09
5.284709166354565686e-09
5.953313961240633867e-09
6.647364098006665279e-09
